day,views,redViews,comments,likes,dislikes,videosAddedToPlaylists,videosRemovedFromPlaylists,shares,estimatedMinutesWatched,estimatedRedMinutesWatched,averageViewDuration,averageViewPercentage,annotationClickThroughRate,annotationCloseRate,annotationImpressions,annotationClickableImpressions,annotationClosableImpressions,annotationClicks,annotationCloses,cardClickRate,cardTeaserClickRate,cardImpressions,cardTeaserImpressions,cardClicks,cardTeaserClicks,subscribersGained,subscribersLost
2023-08-01,194,43,143,169,98,128,58,71,86,109,92,134,111,63,195,179,167,144,117,162,66,191,145,30,50,76,69
2023-08-02,70,197,94,69,139,56,156,96,71,61,143,115,46,95,183,142,177,75,102,65,162,126,34,42,66,158,74
2023-08-03,60,170,151,139,64,98,46,190,107,58,70,71,127,134,180,195,119,183,115,35,32,59,63,41,109,196,33
2023-08-04,172,174,140,82,157,109,67,135,69,126,50,40,87,54,114,66,121,175,30,65,149,165,130,177,156,97,195
2023-08-05,172,135,178,164,188,93,31,199,105,193,196,137,53,197,60,87,32,44,95,46,84,36,64,102,140,57,55
2023-08-06,145,156,84,37,36,174,34,128,77,89,85,148,100,93,160,87,127,55,96,164,126,73,56,116,50,122,104
2023-08-07,150,143,199,163,87,192,93,33,189,137,77,67,135,49,184,83,159,195,174,63,90,45,68,105,65,142,30
2023-08-08,128,121,126,160,177,181,48,92,110,113,171,147,179,67,166,89,148,88,101,40,94,61,79,104,74,84,151
2023-08-09,198,113,117,177,60,98,193,122,114,139,86,108,166,56,128,118,92,64,89,90,30,84,165,102,54,176,100
2023-08-10,127,170,56,186,176,81,54,73,90,50,189,31,149,110,93,183,124,115,145,118,102,151,103,158,112,91,85
2023-08-11,161,82,176,63,93,123,81,139,53,69,126,35,131,185,147,187,47,195,190,159,114,153,170,91,68,120,72
2023-08-12,54,73,93,120,178,167,171,142,45,68,141,65,134,184,164,165,148,119,80,106,71,117,75,177,97,74,168
2023-08-13,167,54,197,72,148,184,41,149,50,130,67,97,157,153,59,132,82,33,183,106,140,86,154,93,136,168,42
2023-08-14,126,59,136,120,92,63,35,96,99,42,188,129,178,189,68,161,32,33,177,132,156,43,137,93,121,94,186
2023-08-15,83,99,101,122,141,164,41,30,33,196,169,89,57,95,39,77,180,179,157,78,43,110,81,151,150,188,46
2023-08-16,129,176,64,74,80,199,160,53,82,154,90,186,170,124,107,47,198,50,81,56,148,104,83,131,49,92,88
2023-08-17,43,161,163,49,101,95,67,196,31,129,193,45,173,98,33,125,158,62,119,162,90,54,100,191,170,135,178
2023-08-18,105,158,139,164,51,110,138,84,161,89,34,170,186,107,124,58,112,33,180,73,86,92,125,41,111,155,80
2023-08-19,161,88,99,82,89,132,86,194,180,113,66,171,121,197,87,147,140,111,43,90,179,127,65,95,73,61,185
2023-08-20,107,64,172,167,52,84,71,61,101,125,138,163,103,178,191,196,164,133,90,95,197,114,74,182,45,67,176
2023-08-21,64,136,30,98,50,146,130,123,110,118,147,108,93,121,55,67,190,112,197,178,69,144,133,125,65,45,63
2023-08-22,170,54,86,129,47,106,72,101,127,96,70,35,193,41,75,177,176,45,98,67,184,119,55,190,97,183,149
2023-08-23,51,32,99,49,39,103,126,59,108,109,132,73,134,169,52,94,48,179,198,176,186,162,83,123,145,74,65
2023-08-24,81,120,67,112,142,174,149,72,162,133,31,32,131,181,92,76,152,111,60,168,98,143,68,82,160,154,148
2023-08-25,73,142,146,65,143,190,79,61,80,78,71,125,148,58,191,96,144,42,163,151,62,113,178,54,194,99,122
2023-08-26,34,46,44,35,37,52,38,145,121,48,75,138,107,70,63,85,130,116,71,156,98,32,106,64,69,87,170
2023-08-27,98,79,81,133,173,112,169,42,123,179,152,149,67,46,50,164,166,144,49,109,106,117,127,154,143,191,56
2023-08-28,138,193,104,157,47,117,105,198,115,46,172,51,76,150,166,155,64,36,35,67,73,75,86,60,62,125,53
2023-08-29,79,62,134,66,182,95,40,166,33,48,165,78,89,60,67,176,119,198,51,171,160,169,42,141,190,86,118
2023-08-30,42,124,110,142,151,185,177,117,160,173,125,104,143,101,43,95,189,194,97,44,155,37,168,114,190,109,112
2023-08-31,110,120,77,43,38,70,186,193,183,150,169,189,143,164,184,109,124,130,46,98,81,171,125,92,54,96,174
