day,views,redViews,comments,likes,dislikes,videosAddedToPlaylists,videosRemovedFromPlaylists,shares,estimatedMinutesWatched,estimatedRedMinutesWatched,averageViewDuration,averageViewPercentage,annotationClickThroughRate,annotationCloseRate,annotationImpressions,annotationClickableImpressions,annotationClosableImpressions,annotationClicks,annotationCloses,cardClickRate,cardTeaserClickRate,cardImpressions,cardTeaserImpressions,cardClicks,cardTeaserClicks,subscribersGained,subscribersLost
2023-11-01,165,175,198,106,161,63,73,110,88,101,154,144,115,113,66,71,122,93,45,81,129,96,74,57,197,35,53
2023-11-02,149,30,184,63,36,187,77,70,107,192,71,189,197,53,31,159,152,85,147,67,100,104,96,97,109,186,119
2023-11-03,39,174,86,69,172,171,64,163,55,191,77,76,47,139,173,70,32,50,186,142,66,116,38,80,60,75,132
2023-11-04,85,68,108,189,67,160,170,94,109,174,135,104,75,129,145,136,49,50,195,82,37,63,76,98,111,107,44
2023-11-05,39,68,129,180,92,161,196,44,190,168,141,64,186,87,79,191,108,113,73,31,77,119,172,58,72,140,125
2023-11-06,159,116,44,67,175,169,108,95,170,138,32,65,125,57,152,55,80,156,51,93,128,140,71,62,149,172,166
2023-11-07,33,52,168,39,35,86,89,114,139,174,90,56,154,43,165,38,173,149,87,81,73,82,102,51,72,142,105
2023-11-08,153,55,152,177,52,36,61,68,74,195,183,80,115,95,120,174,181,57,197,149,113,169,170,58,130,171,114
2023-11-09,131,138,162,88,147,159,145,91,63,52,86,78,173,171,139,107,45,178,67,46,192,181,98,104,89,64,128
2023-11-10,104,44,49,61,57,149,132,101,168,138,89,173,158,98,56,171,114,58,51,190,188,183,127,40,62,31,71
2023-11-11,161,61,186,57,110,150,158,140,94,60,93,113,151,196,69,76,70,188,147,46,126,122,34,67,108,148,139
2023-11-12,65,184,31,78,85,128,99,33,107,49,101,47,146,178,38,118,117,173,105,63,197,157,133,158,159,111,89
2023-11-13,53,54,106,40,100,187,92,152,188,165,77,160,99,154,198,66,119,49,59,182,192,142,176,52,101,51,68
2023-11-14,47,151,63,31,191,179,40,82,130,125,81,98,88,170,113,117,45,182,84,127,37,121,66,77,159,134,105
2023-11-15,112,147,39,47,110,132,195,186,150,196,165,179,197,172,87,187,154,63,108,86,99,146,52,136,158,69,77
2023-11-16,143,52,91,97,106,34,130,66,93,179,49,100,105,81,40,169,48,186,127,117,78,125,145,170,75,149,172
2023-11-17,95,173,87,135,96,133,80,192,156,83,54,35,184,166,116,85,42,114,78,153,74,158,77,181,138,47,40
2023-11-18,171,95,114,158,124,76,75,80,63,62,128,99,91,184,93,48,186,191,52,148,151,83,54,199,36,193,45
2023-11-19,112,181,186,67,71,143,62,104,33,51,111,35,80,63,79,196,179,47,116,56,175,102,91,54,109,154,44
2023-11-20,60,53,161,33,56,39,84,108,119,143,170,31,146,127,59,113,80,45,174,157,184,36,104,112,52,196,37
2023-11-21,49,176,92,81,141,132,95,165,198,91,171,61,47,99,74,57,115,122,42,100,97,35,194,107,164,133,45
2023-11-22,83,126,97,100,38,60,145,130,48,112,134,89,41,74,62,175,103,168,128,156,77,35,93,138,102,82,122
2023-11-23,122,117,50,192,45,172,74,173,111,152,115,103,147,37,110,112,107,140,114,109,148,99,85,56,176,30,118
2023-11-24,54,61,118,41,199,60,72,117,163,186,100,38,171,95,67,191,192,135,194,99,70,65,30,94,182,105,66
2023-11-25,147,155,65,107,92,180,116,83,119,42,44,150,132,80,133,135,176,114,178,128,64,171,129,46,55,96,105
2023-11-26,163,187,181,91,101,158,74,102,146,111,144,168,114,138,152,80,140,90,159,167,147,188,151,157,57,161,171
2023-11-27,87,148,94,77,174,78,72,110,117,122,98,135,193,95,147,88,59,144,53,107,109,69,146,167,55,38,66
2023-11-28,97,123,178,127,56,101,82,157,51,151,37,188,57,175,194,196,74,75,174,158,44,94,165,86,50,113,105
2023-11-29,114,199,65,101,142,52,127,164,74,100,135,34,117,99,172,173,149,133,168,188,170,36,195,94,167,70,193
2023-11-30,169,199,53,156,160,168,102,107,173,158,112,181,43,47,68,152,192,150,30,159,198,145,94,81,128,189,193
