day,views,redViews,comments,likes,dislikes,videosAddedToPlaylists,videosRemovedFromPlaylists,shares,estimatedMinutesWatched,estimatedRedMinutesWatched,averageViewDuration,averageViewPercentage,annotationClickThroughRate,annotationCloseRate,annotationImpressions,annotationClickableImpressions,annotationClosableImpressions,annotationClicks,annotationCloses,cardClickRate,cardTeaserClickRate,cardImpressions,cardTeaserImpressions,cardClicks,cardTeaserClicks,subscribersGained,subscribersLost
2023-06-01,36,186,107,183,126,75,56,41,145,132,169,82,171,117,198,180,96,165,146,143,62,178,95,63,119,151,114
2023-06-02,89,30,35,143,152,34,55,193,140,61,100,167,45,85,186,111,159,103,78,198,190,96,38,114,119,154,86
2023-06-03,44,71,95,45,61,113,160,76,143,126,158,182,186,189,103,53,41,54,169,86,120,79,118,167,149,39,112
2023-06-04,39,123,43,114,167,81,44,54,153,47,169,148,131,192,146,48,77,164,142,130,98,40,67,50,136,154,124
2023-06-05,126,154,95,61,118,117,110,195,42,52,162,125,156,136,146,102,171,90,199,101,152,70,115,133,192,64,113
2023-06-06,56,96,59,49,180,161,39,66,57,91,62,109,76,145,178,134,45,192,149,183,146,69,163,68,47,137,129
2023-06-07,38,118,57,172,166,157,106,88,133,197,126,110,77,141,95,167,165,90,178,142,171,177,99,185,160,80,31
2023-06-08,77,189,181,130,62,155,157,59,134,142,114,109,43,136,35,125,47,37,194,83,185,73,116,173,198,74,51
2023-06-09,184,60,123,145,124,80,158,63,196,72,149,125,133,42,97,162,148,34,91,83,140,156,101,56,76,71,144
2023-06-10,50,181,95,199,144,42,115,134,44,186,122,118,46,38,166,184,60,169,97,57,82,130,167,172,77,70,132
2023-06-11,39,31,168,128,150,32,93,95,87,80,167,178,50,186,162,116,118,44,33,121,181,188,92,147,153,129,177
2023-06-12,40,181,66,185,96,32,55,106,80,165,74,151,110,104,170,76,159,171,102,196,75,38,83,103,172,154,161
2023-06-13,103,88,190,163,185,56,129,150,96,53,166,48,181,196,105,107,31,92,98,154,172,33,162,86,84,176,153
2023-06-14,67,168,120,112,149,137,165,199,142,160,185,186,83,117,38,71,187,90,69,155,65,93,159,178,163,140,57
2023-06-15,47,62,127,79,186,157,110,180,196,179,148,125,39,129,89,85,83,54,76,159,53,164,87,67,128,145,107
2023-06-16,117,133,156,151,130,41,82,148,93,47,90,149,35,186,69,166,191,190,112,169,180,145,167,158,57,44,197
2023-06-17,67,93,161,92,35,119,163,123,115,184,182,96,167,165,191,178,52,46,144,141,180,195,39,150,108,107,172
2023-06-18,153,149,111,146,37,198,82,165,49,60,87,171,65,178,127,192,51,103,117,38,155,140,88,35,162,109,75
2023-06-19,170,168,72,138,83,140,76,80,102,183,190,62,37,145,187,164,39,176,107,98,191,136,163,188,132,175,143
2023-06-20,45,106,196,48,51,72,62,140,156,151,100,86,191,185,161,160,36,82,33,183,159,153,143,59,172,63,116
2023-06-21,83,130,197,53,186,66,180,44,40,135,81,42,94,80,87,32,64,76,120,106,190,199,189,73,153,155,38
2023-06-22,168,96,120,130,196,82,184,183,135,137,68,44,126,99,53,81,90,105,178,161,57,169,78,187,83,45,88
2023-06-23,180,162,103,62,135,105,182,152,140,35,82,68,161,64,63,51,166,52,156,187,176,123,47,81,139,159,185
2023-06-24,91,67,33,106,93,73,100,60,153,140,86,79,57,145,182,174,118,199,146,53,88,96,38,37,32,90,175
2023-06-25,110,122,120,85,181,55,182,145,107,99,60,176,199,34,142,149,97,88,198,185,146,31,173,162,35,96,103
2023-06-26,35,189,65,68,81,181,39,92,158,136,101,188,75,151,111,41,31,71,165,184,122,137,150,37,69,121,164
2023-06-27,44,55,77,62,122,82,90,58,60,126,111,152,198,115,73,138,192,97,190,167,105,174,119,93,33,172,131
2023-06-28,194,95,148,151,39,36,152,129,38,71,90,34,82,166,192,107,57,101,30,138,56,49,70,97,103,66,142
2023-06-29,191,136,123,74,73,54,106,122,37,130,49,166,46,98,164,161,71,132,47,128,91,154,44,45,121,69,179
2023-06-30,154,187,47,140,182,129,118,123,42,111,87,127,185,132,110,199,169,64,97,188,165,108,147,69,31,174,56
