day,views,redViews,comments,likes,dislikes,videosAddedToPlaylists,videosRemovedFromPlaylists,shares,estimatedMinutesWatched,estimatedRedMinutesWatched,averageViewDuration,averageViewPercentage,annotationClickThroughRate,annotationCloseRate,annotationImpressions,annotationClickableImpressions,annotationClosableImpressions,annotationClicks,annotationCloses,cardClickRate,cardTeaserClickRate,cardImpressions,cardTeaserImpressions,cardClicks,cardTeaserClicks,subscribersGained,subscribersLost
2023-09-01,143,59,156,109,84,43,68,161,75,151,196,81,138,54,103,150,33,63,65,163,92,62,49,119,179,130,144
2023-09-02,32,139,117,81,165,92,73,166,71,169,195,149,153,99,189,35,154,113,130,67,111,178,96,84,65,118,94
2023-09-03,193,154,94,149,110,146,41,138,131,74,90,166,130,44,147,141,109,145,30,60,32,192,185,115,170,177,191
2023-09-04,139,142,87,127,130,96,131,32,108,53,116,157,81,34,97,141,121,189,153,150,99,165,75,43,94,177,138
2023-09-05,38,47,170,119,196,52,137,70,41,65,36,166,165,186,173,57,55,99,193,102,104,92,43,149,101,134,180
2023-09-06,118,143,111,188,130,77,120,99,37,197,40,170,64,89,142,45,95,186,81,194,166,180,135,36,58,191,196
2023-09-07,199,85,152,140,54,168,132,90,111,192,196,108,123,75,87,106,174,77,118,160,138,147,157,102,137,31,171
2023-09-08,165,52,108,93,105,92,89,194,91,145,77,179,67,197,155,102,40,181,72,55,140,143,130,125,122,53,120
2023-09-09,44,133,59,87,75,115,199,144,45,48,89,140,191,46,32,69,109,179,63,73,66,58,153,98,146,62,164
2023-09-10,151,171,186,54,198,55,141,40,130,178,122,104,67,106,136,189,45,131,155,150,193,173,36,60,66,99,48
2023-09-11,156,66,149,82,129,69,118,175,176,58,194,105,167,187,147,46,57,73,84,123,96,33,112,157,56,153,107
2023-09-12,198,77,196,183,131,181,64,54,145,74,134,122,41,43,49,165,31,109,33,37,60,135,117,133,128,143,92
2023-09-13,121,74,57,122,177,119,149,152,175,112,83,67,195,136,52,109,171,115,30,151,120,197,86,148,107,192,180
2023-09-14,74,70,126,169,54,123,87,38,81,143,187,134,115,135,185,166,106,195,75,117,88,145,124,31,79,150,144
2023-09-15,42,198,154,31,151,49,80,153,187,79,93,170,178,162,155,176,142,92,46,144,161,192,136,55,174,75,145
2023-09-16,101,69,122,119,184,133,115,188,52,30,55,67,78,48,93,185,37,142,56,76,167,127,118,100,143,196,156
2023-09-17,190,138,71,124,121,30,179,134,53,119,126,51,143,112,135,168,72,150,145,35,68,48,166,152,161,171,43
2023-09-18,139,175,59,60,132,84,95,166,141,157,129,162,76,96,61,173,168,122,109,158,154,182,151,181,41,124,123
2023-09-19,67,73,122,40,30,121,169,54,71,96,156,100,111,109,193,130,32,48,84,62,185,103,127,34,171,31,181
2023-09-20,81,113,168,131,58,192,32,142,66,114,134,136,198,181,44,160,75,182,144,139,104,83,145,176,171,148,127
2023-09-21,99,167,180,89,141,176,127,129,86,143,50,128,94,78,72,62,75,52,69,163,159,123,155,166,160,40,119
2023-09-22,39,141,181,197,137,121,42,119,134,110,55,62,118,126,174,179,140,66,166,63,173,96,193,152,130,187,65
2023-09-23,76,109,52,188,68,179,107,154,181,88,84,173,119,64,156,35,126,159,42,171,48,104,78,87,185,168,99
2023-09-24,153,97,113,80,134,95,55,168,61,128,157,156,155,65,78,119,122,199,166,96,178,89,177,163,48,54,188
2023-09-25,48,182,97,171,179,82,142,74,199,190,113,164,115,140,163,145,41,34,45,66,107,178,56,69,101,126,72
2023-09-26,114,153,49,145,136,123,46,89,54,94,177,47,187,44,74,57,60,164,87,162,159,141,83,197,70,33,124
2023-09-27,47,30,188,34,93,158,161,124,197,103,98,142,114,155,165,152,63,193,185,184,125,66,173,81,144,45,148
2023-09-28,84,146,137,154,105,59,148,39,163,135,31,67,66,190,56,167,168,78,117,35,195,143,70,41,49,178,122
2023-09-29,50,133,48,148,174,37,30,198,85,196,146,134,38,55,104,43,144,77,79,179,52,162,156,92,69,138,49
2023-09-30,133,46,118,37,132,175,186,147,125,127,32,64,96,164,79,100,58,92,103,87,91,194,101,193,176,113,141
