day,views,redViews,comments,likes,dislikes,videosAddedToPlaylists,videosRemovedFromPlaylists,shares,estimatedMinutesWatched,estimatedRedMinutesWatched,averageViewDuration,averageViewPercentage,annotationClickThroughRate,annotationCloseRate,annotationImpressions,annotationClickableImpressions,annotationClosableImpressions,annotationClicks,annotationCloses,cardClickRate,cardTeaserClickRate,cardImpressions,cardTeaserImpressions,cardClicks,cardTeaserClicks,subscribersGained,subscribersLost
2023-04-01,176,96,38,108,57,194,66,160,53,100,125,101,54,138,118,92,117,179,193,182,36,41,37,30,47,51,45
2023-04-02,158,130,68,103,62,64,161,155,31,142,115,194,165,123,71,196,188,168,95,122,176,118,49,183,74,186,146
2023-04-03,169,73,112,147,65,184,34,174,138,167,160,74,141,199,152,108,143,37,91,69,48,185,117,64,59,76,194
2023-04-04,103,62,148,170,47,110,153,91,34,36,127,100,112,95,197,111,134,175,157,126,77,93,142,130,184,160,56
2023-04-05,158,70,33,67,167,84,89,104,95,59,47,92,125,55,168,97,197,156,149,79,85,188,71,131,183,44,120
2023-04-06,44,184,182,189,112,175,170,92,47,80,124,105,81,51,111,186,64,165,90,188,195,146,178,34,122,82,94
2023-04-07,187,78,169,146,53,134,57,102,116,163,171,129,86,172,90,183,41,137,84,196,50,40,64,42,103,72,127
2023-04-08,53,140,85,165,33,82,139,50,109,110,181,175,37,153,80,106,44,192,124,195,178,182,146,159,113,40,84
2023-04-09,80,114,101,106,76,123,148,45,132,176,39,192,67,155,173,188,134,164,198,186,105,42,117,60,107,59,167
2023-04-10,51,112,82,72,176,137,135,159,198,62,49,48,43,73,132,139,154,193,115,92,131,156,134,75,173,197,94
2023-04-11,70,46,139,111,62,99,157,171,155,124,59,195,177,103,52,175,77,56,107,187,142,174,126,138,132,55,68
2023-04-12,40,170,141,89,142,91,135,146,36,172,192,105,137,106,152,145,151,173,47,153,48,114,107,159,196,117,74
2023-04-13,68,73,106,196,125,52,116,132,127,110,168,37,121,123,30,56,69,75,183,173,81,33,156,133,192,77,66
2023-04-14,195,58,99,32,191,154,67,60,52,168,79,96,43,34,75,194,119,164,84,69,173,182,186,46,198,126,53
2023-04-15,117,51,146,124,147,77,199,40,141,145,116,132,177,75,182,137,85,70,87,57,150,162,114,163,172,135,47
2023-04-16,80,197,139,121,45,168,63,111,66,177,43,117,32,193,107,164,69,114,83,147,95,151,181,178,35,68,183
2023-04-17,63,91,133,84,164,143,158,174,42,81,129,179,106,58,51,159,102,114,59,149,173,195,131,181,99,94,130
2023-04-18,60,100,148,159,99,187,34,98,141,154,156,81,69,76,116,167,85,84,193,111,82,44,121,178,192,96,195
2023-04-19,99,158,127,159,164,68,141,64,182,98,74,51,48,124,37,194,78,186,184,57,116,136,128,106,87,189,138
2023-04-20,128,110,119,94,91,107,55,34,70,78,141,48,74,79,193,165,38,169,176,86,85,117,133,162,77,47,130
2023-04-21,73,110,140,45,51,50,133,30,161,85,105,97,192,100,159,38,122,137,132,136,88,61,103,87,67,139,59
2023-04-22,145,92,43,31,176,127,53,109,168,56,124,197,65,141,135,106,49,76,34,159,100,30,72,146,46,48,68
2023-04-23,79,112,87,93,168,115,54,130,100,89,152,179,157,45,151,80,123,56,135,161,118,149,94,66,194,145,109
2023-04-24,74,154,149,52,59,155,188,98,129,55,137,102,141,65,35,158,153,190,195,161,136,41,34,170,199,36,79
2023-04-25,47,174,140,68,117,194,55,95,81,70,79,91,49,59,141,182,107,134,162,159,88,111,181,92,131,53,60
2023-04-26,45,137,31,48,71,58,146,152,63,117,43,145,185,151,126,199,184,118,107,98,42,49,120,67,35,181,154
2023-04-27,91,194,158,42,35,104,141,45,111,54,86,128,46,159,181,98,173,152,47,50,52,129,120,131,48,105,183
2023-04-28,105,184,49,42,91,128,185,95,102,162,134,179,170,154,109,33,149,153,78,164,199,129,167,37,158,182,98
2023-04-29,55,60,66,135,129,156,193,130,48,110,104,184,140,153,127,138,109,31,117,194,61,123,126,106,88,101,120
2023-04-30,85,114,139,100,106,188,102,30,194,196,142,155,72,81,94,108,103,156,138,157,101,79,170,97,63,64,65
