day,views,redViews,comments,likes,dislikes,videosAddedToPlaylists,videosRemovedFromPlaylists,shares,estimatedMinutesWatched,estimatedRedMinutesWatched,averageViewDuration,averageViewPercentage,annotationClickThroughRate,annotationCloseRate,annotationImpressions,annotationClickableImpressions,annotationClosableImpressions,annotationClicks,annotationCloses,cardClickRate,cardTeaserClickRate,cardImpressions,cardTeaserImpressions,cardClicks,cardTeaserClicks,subscribersGained,subscribersLost
2023-07-01,64,78,159,30,150,155,171,147,84,179,56,116,42,167,165,175,149,38,47,164,120,53,193,87,178,104,46
2023-07-02,125,53,186,37,42,54,107,121,161,111,118,152,155,41,143,80,156,124,57,167,166,110,58,44,144,180,35
2023-07-03,33,69,105,50,70,127,72,128,52,188,34,94,89,168,88,146,44,90,65,192,62,173,133,176,80,54,164
2023-07-04,172,114,117,92,41,177,188,100,81,49,134,180,140,169,153,91,107,148,185,115,58,32,56,190,118,105,186
2023-07-05,112,165,129,115,187,92,198,162,177,136,60,91,43,120,159,117,67,121,190,176,47,158,146,184,185,63,85
2023-07-06,194,184,190,185,60,157,137,98,50,73,122,94,175,176,174,37,183,136,165,93,146,172,158,153,46,186,68
2023-07-07,107,118,35,88,117,178,154,105,138,84,110,99,184,153,185,95,125,32,100,115,183,62,93,181,170,90,112
2023-07-08,131,111,91,170,70,158,148,168,124,186,130,53,129,192,127,104,184,67,31,167,171,41,146,59,66,98,46
2023-07-09,75,58,135,163,188,111,90,65,122,81,127,94,144,100,145,108,192,52,84,113,148,149,123,33,53,172,103
2023-07-10,86,193,112,191,55,73,118,75,95,141,119,74,123,140,111,199,149,164,128,124,131,189,174,48,142,186,46
2023-07-11,63,54,159,145,112,69,111,171,175,185,62,118,161,44,155,194,53,68,193,186,198,191,134,160,127,164,176
2023-07-12,53,173,107,71,143,169,77,36,35,63,195,180,96,106,84,136,168,137,82,31,39,185,47,167,188,170,150
2023-07-13,148,109,86,98,158,138,159,39,130,187,32,126,127,143,193,195,194,59,46,72,54,56,191,69,171,199,61
2023-07-14,147,101,170,198,191,35,51,173,48,110,188,44,144,49,71,62,138,123,74,175,197,61,75,161,196,47,76
2023-07-15,188,145,90,183,39,96,110,51,165,79,66,136,55,199,178,126,36,101,133,33,82,131,182,107,53,174,163
2023-07-16,81,113,37,72,178,168,88,66,142,160,118,100,162,190,76,89,63,138,30,150,173,108,42,191,56,99,176
2023-07-17,77,165,190,92,68,47,143,61,98,110,58,139,55,186,169,83,84,132,161,150,71,64,86,170,43,89,180
2023-07-18,65,101,79,60,145,90,115,178,139,103,182,132,153,46,189,71,67,149,166,74,174,175,170,40,91,119,43
2023-07-19,93,61,158,104,51,97,96,101,164,176,71,199,94,39,102,48,66,153,111,60,73,141,49,89,189,171,118
2023-07-20,133,115,141,37,189,100,64,32,104,179,137,157,113,120,76,118,197,46,33,149,109,155,160,56,86,131,135
2023-07-21,119,84,167,168,81,58,198,64,48,136,108,196,114,142,179,102,82,157,160,88,177,126,195,127,65,166,190
2023-07-22,154,193,152,63,72,156,166,104,139,83,97,87,144,95,78,117,55,186,138,40,175,81,114,43,36,173,147
2023-07-23,185,171,178,96,51,173,145,112,149,187,105,104,44,130,128,133,45,142,193,146,186,32,65,35,188,61,118
2023-07-24,76,167,113,171,115,90,158,62,147,126,88,157,111,199,82,71,99,81,110,152,63,160,143,35,94,188,191
2023-07-25,43,166,55,90,31,197,191,83,120,88,142,36,77,110,91,156,163,153,69,101,108,187,121,123,54,111,143
2023-07-26,57,178,176,107,67,112,188,146,76,177,139,37,164,54,166,100,115,38,194,77,104,97,197,159,169,131,106
2023-07-27,128,135,56,72,181,52,44,134,131,99,111,165,152,145,191,189,198,35,93,150,81,155,49,53,84,170,90
2023-07-28,198,113,120,74,54,184,181,89,51,168,36,136,182,115,93,80,127,102,92,147,91,128,150,167,96,145,156
2023-07-29,195,183,87,156,180,34,96,35,178,185,58,48,102,148,85,92,76,78,171,97,184,167,194,127,164,192,106
2023-07-30,63,119,124,143,42,112,113,159,70,97,126,125,172,194,176,157,91,92,116,181,152,198,100,192,186,153,199
2023-07-31,59,168,87,109,170,79,190,142,146,196,33,68,89,175,73,32,51,77,34,30,145,148,97,122,125,169,42
