day,views,redViews,comments,likes,dislikes,videosAddedToPlaylists,videosRemovedFromPlaylists,shares,estimatedMinutesWatched,estimatedRedMinutesWatched,averageViewDuration,averageViewPercentage,annotationClickThroughRate,annotationCloseRate,annotationImpressions,annotationClickableImpressions,annotationClosableImpressions,annotationClicks,annotationCloses,cardClickRate,cardTeaserClickRate,cardImpressions,cardTeaserImpressions,cardClicks,cardTeaserClicks,subscribersGained,subscribersLost
2023-05-01,61,77,166,157,175,140,182,88,51,145,149,120,75,171,99,194,146,95,81,104,90,137,122,125,164,32,78
2023-05-02,37,125,186,72,196,139,137,158,188,103,149,77,92,74,153,119,168,167,121,152,52,96,170,166,165,138,185
2023-05-03,104,64,81,100,151,116,165,147,196,93,39,88,185,168,162,141,135,125,177,94,40,38,190,178,134,47,84
2023-05-04,121,153,191,174,155,135,112,37,192,169,105,91,64,49,175,31,76,161,57,85,185,129,39,99,182,75,142
2023-05-05,111,89,62,166,34,102,110,88,67,149,121,54,78,35,174,181,105,183,126,38,77,142,134,131,41,185,151
2023-05-06,56,192,130,158,47,181,107,134,44,74,167,58,115,175,110,123,109,170,99,80,60,136,187,188,66,63,86
2023-05-07,145,122,35,143,120,32,56,153,170,181,192,69,167,117,131,51,59,101,128,70,162,140,63,48,47,87,43
2023-05-08,94,69,158,149,82,71,43,114,137,77,116,38,180,183,190,185,72,89,75,133,134,60,52,31,33,155,170
2023-05-09,87,176,84,175,130,155,74,39,136,190,89,101,62,91,123,68,112,198,35,41,183,54,162,140,97,197,73
2023-05-10,195,184,66,165,88,164,155,38,112,199,32,185,168,138,107,45,65,58,111,76,122,35,43,47,189,137,161
2023-05-11,123,81,140,109,117,191,65,186,57,169,42,40,165,161,118,181,185,89,130,132,37,94,59,148,182,32,171
2023-05-12,73,69,36,132,111,128,88,145,67,150,146,61,37,42,177,196,96,166,117,125,90,181,147,183,35,189,33
2023-05-13,44,131,122,118,100,124,107,31,74,104,32,133,174,191,84,198,156,82,159,113,96,53,69,57,185,199,59
2023-05-14,167,106,105,67,184,55,100,194,89,136,75,141,127,98,188,147,42,182,30,33,193,88,91,61,62,120,72
2023-05-15,181,119,56,151,70,105,102,111,140,164,114,64,50,60,165,153,63,136,177,143,198,94,87,173,46,66,179
2023-05-16,83,141,129,107,80,144,76,115,65,53,152,140,88,39,124,149,79,165,102,150,173,122,180,36,57,147,37
2023-05-17,174,68,45,103,131,194,78,166,88,185,58,90,175,160,180,98,64,95,139,36,108,61,54,195,55,149,100
2023-05-18,164,106,32,59,165,135,153,101,137,114,40,182,173,131,184,158,127,149,192,167,46,49,77,92,39,60,68
2023-05-19,74,182,186,72,185,41,184,55,71,79,59,34,189,164,140,142,82,163,156,36,119,183,69,61,107,54,97
2023-05-20,73,111,128,177,180,47,193,49,134,71,34,76,68,146,74,57,77,198,147,130,186,39,87,61,170,191,125
2023-05-21,132,111,159,193,82,128,134,69,76,31,183,143,189,192,37,142,115,195,66,147,153,177,53,180,160,148,161
2023-05-22,111,155,39,137,117,52,175,193,171,37,89,132,123,187,199,119,100,138,194,164,70,31,79,188,173,150,65
2023-05-23,173,38,178,150,192,35,133,158,175,72,101,141,137,153,185,74,32,109,136,187,96,90,140,184,144,69,143
2023-05-24,142,107,183,167,175,86,137,171,136,97,122,104,96,126,177,51,44,168,153,198,84,164,43,149,178,124,119
2023-05-25,109,128,31,178,62,108,85,157,61,37,49,143,84,100,160,191,43,118,98,189,147,188,89,72,111,81,40
2023-05-26,115,183,133,90,132,100,91,59,170,185,94,172,163,68,53,39,161,192,135,182,104,76,52,179,166,141,145
2023-05-27,114,94,115,81,175,177,97,191,106,197,48,88,183,68,188,93,113,136,130,103,59,155,195,164,163,42,148
2023-05-28,91,168,107,108,109,127,138,103,73,48,125,78,126,129,131,185,189,68,118,76,140,99,177,162,141,101,31
2023-05-29,53,187,172,39,67,174,41,82,131,127,167,138,158,107,186,130,198,72,146,136,135,154,117,63,62,137,180
2023-05-30,118,89,184,152,75,107,133,50,183,151,171,113,182,67,199,173,111,84,35,128,49,196,69,99,52,123,174
2023-05-31,55,167,143,199,41,185,79,150,100,37,42,171,56,103,108,68,198,75,51,99,159,30,65,177,97,107,101
