day,views,redViews,comments,likes,dislikes,videosAddedToPlaylists,videosRemovedFromPlaylists,shares,estimatedMinutesWatched,estimatedRedMinutesWatched,averageViewDuration,averageViewPercentage,annotationClickThroughRate,annotationCloseRate,annotationImpressions,annotationClickableImpressions,annotationClosableImpressions,annotationClicks,annotationCloses,cardClickRate,cardTeaserClickRate,cardImpressions,cardTeaserImpressions,cardClicks,cardTeaserClicks,subscribersGained,subscribersLost
2023-10-01,177,61,120,94,124,194,51,77,41,144,166,37,113,38,182,157,155,30,137,73,98,93,45,190,84,88,189
2023-10-02,67,64,131,82,46,155,98,179,128,104,79,62,75,165,109,61,164,34,77,145,185,197,121,182,166,173,113
2023-10-03,169,100,140,30,99,118,37,155,78,81,34,131,51,157,79,150,48,162,175,35,39,115,73,182,197,160,57
2023-10-04,164,136,60,100,72,188,139,128,170,70,153,80,82,133,61,104,173,166,178,79,74,93,92,174,102,137,184
2023-10-05,165,125,122,152,148,42,52,77,57,190,32,41,109,51,174,177,168,173,86,100,38,90,137,50,167,63,81
2023-10-06,146,98,38,101,165,48,85,183,185,199,87,52,83,172,131,130,56,190,154,196,110,138,161,191,126,108,81
2023-10-07,186,145,192,110,74,52,62,112,123,198,78,173,30,96,39,84,193,51,164,165,86,64,33,141,58,183,128
2023-10-08,133,113,103,97,158,129,101,53,37,176,92,135,77,136,145,141,36,161,184,48,104,80,57,95,62,60,47
2023-10-09,120,75,168,102,132,36,98,194,37,62,128,117,197,103,115,147,55,97,137,84,188,42,121,122,104,174,123
2023-10-10,170,75,76,183,33,175,124,197,47,88,158,71,171,34,44,63,64,114,79,81,100,40,194,157,77,104,128
2023-10-11,187,72,100,56,80,36,111,146,141,71,174,44,105,124,129,66,113,82,158,94,148,139,106,30,184,180,92
2023-10-12,114,65,176,117,121,55,61,85,92,177,30,87,54,98,144,101,49,107,165,83,189,150,132,124,195,136,88
2023-10-13,107,80,153,66,191,103,181,48,77,155,120,148,174,190,40,192,88,156,52,98,163,130,146,75,69,161,110
2023-10-14,81,117,90,92,148,78,175,94,162,109,73,50,184,45,124,70,170,113,75,121,187,143,199,160,91,47,46
2023-10-15,116,179,97,124,188,67,65,114,49,95,46,185,107,58,122,79,127,161,139,48,190,137,118,55,170,192,44
2023-10-16,121,92,72,194,30,98,127,60,166,199,59,189,141,94,35,51,100,188,185,169,183,174,96,164,32,99,172
2023-10-17,181,72,37,136,177,98,166,50,145,81,161,132,87,171,85,119,195,91,175,68,107,84,79,169,121,80,124
2023-10-18,101,190,169,156,115,43,94,157,134,81,55,161,187,193,165,122,83,176,127,86,119,154,106,180,146,42,48
2023-10-19,77,187,65,124,66,30,150,106,97,178,140,92,32,179,152,158,149,193,121,153,125,118,74,94,51,48,47
2023-10-20,190,133,110,168,33,97,66,83,57,43,158,175,47,120,113,192,169,156,155,187,163,96,142,54,41,106,40
2023-10-21,95,93,122,78,52,161,113,187,36,58,77,30,129,160,81,128,134,98,51,152,111,102,198,139,61,145,74
2023-10-22,45,72,174,148,31,77,116,178,156,35,89,192,96,57,113,189,112,152,151,100,109,97,186,146,93,180,171
2023-10-23,179,123,188,100,199,109,75,131,89,119,46,137,163,37,103,69,42,64,187,170,191,41,168,31,135,70,167
2023-10-24,106,173,120,184,89,138,169,73,166,119,60,96,71,163,158,195,107,189,128,162,32,186,150,134,44,180,91
2023-10-25,53,180,70,69,188,148,187,67,60,157,65,99,114,139,172,120,124,34,46,176,56,68,194,185,116,163,147
2023-10-26,192,72,87,50,123,40,112,119,198,60,184,62,191,67,47,133,78,164,124,89,52,171,41,185,178,68,48
2023-10-27,173,166,91,189,197,81,89,129,43,145,164,35,192,162,47,82,87,62,105,95,195,66,72,147,141,56,110
2023-10-28,85,46,38,92,31,73,94,144,67,173,151,89,153,139,66,45,179,74,125,42,121,124,197,101,56,88,161
2023-10-29,101,183,102,149,159,74,32,99,156,181,30,55,144,59,39,85,45,42,173,141,130,92,109,153,37,120,164
2023-10-30,105,104,147,77,182,142,48,187,71,81,186,70,108,100,61,166,123,69,151,140,109,82,131,125,44,135,34
2023-10-31,51,173,108,196,87,32,56,92,116,94,146,185,72,107,55,198,110,41,48,111,199,39,100,128,96,188,145
