day,views,redViews,comments,likes,dislikes,videosAddedToPlaylists,videosRemovedFromPlaylists,shares,estimatedMinutesWatched,estimatedRedMinutesWatched,averageViewDuration,averageViewPercentage,annotationClickThroughRate,annotationCloseRate,annotationImpressions,annotationClickableImpressions,annotationClosableImpressions,annotationClicks,annotationCloses,cardClickRate,cardTeaserClickRate,cardImpressions,cardTeaserImpressions,cardClicks,cardTeaserClicks,subscribersGained,subscribersLost
2023-12-01,32,81,153,145,118,61,51,126,83,101,181,159,99,150,141,50,56,170,62,156,166,198,105,72,199,75,140
2023-12-02,193,75,61,199,127,129,178,90,98,41,31,107,83,196,72,137,58,197,173,50,71,46,121,175,97,76,65
2023-12-03,67,40,183,46,119,59,68,53,39,164,42,51,144,30,110,126,173,159,153,194,140,89,176,79,133,64,49
2023-12-04,176,169,198,61,88,64,45,97,127,126,166,63,112,123,37,86,135,129,197,106,130,66,128,98,136,42,36
2023-12-05,31,177,148,45,81,125,38,167,32,34,95,70,134,53,109,129,183,98,101,111,55,156,89,62,97,43,198
2023-12-06,53,187,142,73,75,63,34,103,44,105,172,165,170,88,71,113,123,156,66,56,97,40,81,166,45,171,183
2023-12-07,59,106,31,112,158,144,122,116,53,198,141,153,90,82,124,127,135,75,30,168,137,146,58,45,52,36,91
2023-12-08,73,97,34,153,175,116,160,118,121,50,78,143,42,123,57,126,138,59,105,61,157,101,174,136,103,167,36
2023-12-09,173,192,129,37,124,118,41,100,141,135,92,61,97,104,160,175,70,31,54,162,78,142,38,60,93,184,113
2023-12-10,128,58,134,85,145,73,115,122,173,60,136,124,62,84,199,113,34,45,80,40,160,147,138,110,78,81,77
2023-12-11,33,119,54,194,148,93,87,39,128,38,118,145,49,57,168,127,76,178,142,171,32,65,183,63,129,157,116
2023-12-12,115,72,84,122,54,136,97,110,131,152,169,154,112,174,120,56,55,38,182,176,82,177,109,64,167,153,45
2023-12-13,164,93,46,124,140,114,198,187,168,191,95,144,152,136,70,64,184,31,44,122,38,194,185,96,190,43,129
2023-12-14,124,174,75,97,148,118,129,55,141,38,146,114,151,62,42,70,52,134,131,67,106,66,168,111,69,110,156
2023-12-15,107,110,68,44,129,113,119,46,117,34,178,133,84,126,135,147,158,171,136,165,174,182,162,180,62,132,173
2023-12-16,36,107,190,175,51,194,145,74,98,157,53,141,199,100,80,126,97,173,169,170,128,181,195,38,151,88,34
2023-12-17,43,76,78,175,190,177,55,150,72,152,128,47,133,50,140,127,88,104,42,153,111,81,145,179,115,98,99
2023-12-18,129,110,146,158,153,111,154,71,137,115,37,53,192,161,180,162,160,152,172,102,82,164,193,120,112,145,179
2023-12-19,129,134,172,83,58,125,192,84,73,42,135,194,56,122,97,138,55,101,186,151,190,130,113,37,103,195,197
2023-12-20,117,51,127,80,48,153,120,49,121,72,68,149,77,92,188,150,168,91,55,139,106,76,151,103,115,75,174
2023-12-21,44,92,63,163,108,72,199,91,99,168,57,79,87,49,154,194,59,30,115,41,181,140,111,39,197,159,32
2023-12-22,135,152,82,125,90,59,162,56,71,130,139,33,106,48,62,123,93,129,157,72,91,107,75,85,169,155,117
2023-12-23,116,71,88,195,110,68,112,63,45,173,158,48,74,76,130,84,125,73,191,47,106,156,170,139,60,186,199
2023-12-24,153,143,83,93,194,32,102,101,189,192,146,115,110,114,81,167,159,87,180,109,161,107,52,76,157,148,177
2023-12-25,188,84,131,63,151,35,197,99,93,46,184,196,117,114,129,140,139,53,142,145,56,106,38,45,135,158,48
2023-12-26,192,153,76,33,89,135,154,193,36,52,162,176,137,156,170,174,152,124,79,68,115,180,133,164,188,49,182
2023-12-27,159,58,171,109,44,56,124,99,163,180,103,114,167,45,102,105,145,173,76,108,116,82,42,121,196,147,146
2023-12-28,162,43,31,193,56,103,46,181,82,115,131,89,47,175,167,37,195,132,78,113,127,66,157,111,77,118,154
2023-12-29,44,84,185,68,144,50,42,49,119,142,131,53,170,163,166,87,79,69,133,89,54,51,183,136,143,39,191
2023-12-30,166,168,118,151,78,112,132,162,191,37,185,89,94,49,163,82,30,172,161,80,137,36,138,45,189,83,43
2023-12-31,142,180,145,175,83,31,33,129,131,30,79,98,72,103,110,124,190,123,117,53,143,90,182,56,127,119,153
