day,views,redViews,comments,likes,dislikes,videosAddedToPlaylists,videosRemovedFromPlaylists,shares,estimatedMinutesWatched,estimatedRedMinutesWatched,averageViewDuration,averageViewPercentage,annotationClickThroughRate,annotationCloseRate,annotationImpressions,annotationClickableImpressions,annotationClosableImpressions,annotationClicks,annotationCloses,cardClickRate,cardTeaserClickRate,cardImpressions,cardTeaserImpressions,cardClicks,cardTeaserClicks,subscribersGained,subscribersLost
2024-03-01,176,51,90,151,181,142,141,164,44,100,49,171,112,101,186,72,166,174,62,77,124,61,196,107,92,48,67
2024-03-02,167,43,170,128,136,186,122,94,138,187,131,105,39,111,70,93,141,175,96,156,33,181,126,79,158,92,72
2024-03-03,148,151,74,197,177,196,39,166,108,94,61,136,64,114,192,54,62,154,84,140,183,161,139,93,99,45,175
2024-03-04,185,93,141,163,142,103,53,76,148,39,138,172,165,146,164,182,44,124,107,125,196,145,176,73,61,149,140
2024-03-05,82,192,43,188,66,149,120,183,134,68,179,36,174,58,160,83,39,148,54,132,71,170,158,110,144,171,95
2024-03-06,60,149,71,125,167,185,189,118,43,187,147,194,65,37,31,108,49,129,127,137,78,80,90,197,53,115,72
2024-03-07,98,99,161,145,57,144,149,54,115,189,120,95,104,90,77,146,123,136,199,118,33,188,31,91,78,133,192
2024-03-08,60,139,167,196,115,124,85,39,56,142,190,90,77,199,58,136,131,172,146,61,160,46,94,187,108,145,55
2024-03-09,136,128,104,147,143,192,178,66,34,93,78,191,112,109,138,55,162,133,183,130,156,97,121,62,101,185,119
2024-03-10,89,172,127,40,55,190,75,63,57,184,49,142,56,113,112,53,34,33,196,42,195,136,41,36,68,194,153
2024-03-11,193,53,116,89,113,121,87,67,160,196,63,114,43,45,110,181,123,94,143,186,188,66,117,146,172,73,39
2024-03-12,69,66,120,108,158,123,45,194,169,192,177,30,90,115,39,143,119,195,107,58,109,73,145,163,171,56,197
2024-03-13,77,141,183,31,172,37,139,112,114,54,176,129,71,193,45,103,93,51,34,146,123,165,56,128,154,113,173
2024-03-14,84,60,88,65,130,87,55,66,170,79,167,61,31,183,109,81,138,94,145,179,34,95,71,187,37,190,36
2024-03-15,149,133,39,34,64,65,104,103,57,158,180,147,185,132,173,151,91,55,80,114,183,192,119,189,50,83,69
2024-03-16,43,189,110,174,196,48,62,95,167,90,197,112,151,50,38,148,157,119,30,128,168,173,141,175,108,160,73
2024-03-17,185,187,82,196,153,67,116,144,101,51,113,120,43,61,36,137,194,133,38,34,79,135,84,35,42,197,123
2024-03-18,184,114,87,157,189,178,100,64,32,120,82,111,36,181,70,140,163,173,148,58,51,137,33,198,81,172,55
2024-03-19,159,144,140,68,98,163,119,86,73,58,182,47,135,90,184,83,146,127,187,123,197,124,117,38,100,57,190
2024-03-20,57,80,64,50,149,171,82,146,75,133,58,118,139,185,126,60,102,124,100,136,99,156,88,89,61,138,63
2024-03-21,83,190,187,167,183,58,119,55,157,50,89,96,101,104,176,172,131,117,194,97,56,168,107,113,139,174,160
2024-03-22,134,150,189,122,123,125,152,108,165,194,145,110,139,91,98,89,128,41,144,71,172,55,177,66,147,56,104
2024-03-23,106,110,61,151,162,42,143,145,180,115,140,191,56,142,41,109,163,88,55,39,177,75,59,92,121,50,156
2024-03-24,195,134,59,145,85,44,39,77,176,32,87,169,115,109,33,105,81,58,157,117,55,110,194,124,187,146,94
2024-03-25,66,152,187,132,59,188,62,63,94,76,37,173,31,45,84,176,192,93,41,178,148,70,58,137,30,118,72
2024-03-26,41,86,169,149,67,186,59,55,88,170,108,60,114,123,42,119,58,134,112,105,40,136,176,109,145,148,154
2024-03-27,146,190,75,173,157,73,50,57,95,55,182,124,126,184,183,48,38,79,195,77,141,143,148,147,198,102,132
2024-03-28,75,110,151,36,104,91,101,54,199,180,40,73,179,70,61,140,135,43,136,132,87,141,62,63,77,152,93
2024-03-29,142,99,121,96,199,117,133,139,178,152,63,192,100,164,31,74,175,163,66,72,97,104,81,33,145,126,102
2024-03-30,33,42,71,43,103,53,115,165,184,31,172,146,129,63,37,181,151,78,68,98,100,131,124,130,155,149,143
2024-03-31,79,56,183,90,169,35,145,153,62,154,41,123,73,151,141,155,150,30,176,55,109,86,85,104,190,46,199
