day,views,redViews,comments,likes,dislikes,videosAddedToPlaylists,videosRemovedFromPlaylists,shares,estimatedMinutesWatched,estimatedRedMinutesWatched,averageViewDuration,averageViewPercentage,annotationClickThroughRate,annotationCloseRate,annotationImpressions,annotationClickableImpressions,annotationClosableImpressions,annotationClicks,annotationCloses,cardClickRate,cardTeaserClickRate,cardImpressions,cardTeaserImpressions,cardClicks,cardTeaserClicks,subscribersGained,subscribersLost
2024-02-01,95,45,198,98,70,178,159,43,80,195,144,47,52,37,49,122,176,170,127,171,108,177,66,111,97,184,190
2024-02-02,105,191,195,135,91,124,137,148,193,127,32,187,141,154,131,36,94,125,168,196,54,83,61,151,117,126,160
2024-02-03,132,96,118,125,126,180,158,129,170,176,75,191,72,143,36,135,174,160,186,92,31,156,100,171,121,140,131
2024-02-04,47,48,183,106,173,88,71,105,119,73,80,153,164,40,159,31,64,66,194,49,157,46,168,83,91,60,75
2024-02-05,189,166,121,193,51,143,145,109,195,66,159,132,37,62,73,124,110,39,192,30,140,180,49,112,65,187,158
2024-02-06,86,149,128,61,105,97,52,101,145,154,141,38,117,59,35,138,73,143,169,195,139,95,71,167,63,179,72
2024-02-07,39,146,92,131,70,148,71,47,183,149,166,51,73,193,35,83,174,68,182,157,95,59,165,80,101,64,58
2024-02-08,125,121,151,35,36,71,161,171,61,172,85,70,81,145,198,162,101,122,83,187,99,163,88,74,51,57,105
2024-02-09,189,172,112,75,107,122,38,174,151,195,98,163,191,118,141,182,150,121,119,64,84,165,97,120,167,63,56
2024-02-10,57,140,39,131,188,64,49,71,38,161,135,179,164,85,88,86,42,109,156,134,193,195,98,142,43,58,155
2024-02-11,54,199,179,107,146,45,189,167,72,174,83,55,152,94,67,104,163,58,71,109,175,132,43,123,147,136,61
2024-02-12,128,196,97,132,148,153,199,161,120,183,185,193,42,154,170,46,122,60,72,71,136,54,33,134,82,39,181
2024-02-13,137,150,174,176,170,116,195,101,103,145,51,118,161,80,83,30,132,58,38,188,159,190,184,157,40,39,127
2024-02-14,156,79,148,30,40,163,105,144,81,84,154,36,122,83,129,187,168,107,114,180,70,119,124,152,141,89,69
2024-02-15,173,101,121,197,157,50,187,37,126,61,81,176,58,171,140,156,71,76,148,189,74,95,59,159,48,70,60
2024-02-16,93,53,104,140,133,136,117,191,97,46,38,61,131,88,194,72,168,50,65,113,114,63,193,161,112,130,120
2024-02-17,144,95,141,171,81,36,162,73,89,85,178,164,45,31,158,41,160,123,63,180,151,113,109,67,114,61,183
2024-02-18,180,102,107,65,115,104,154,131,54,78,105,44,198,98,183,67,155,64,135,110,189,177,161,150,32,82,151
2024-02-19,106,164,83,175,190,32,84,51,65,125,39,53,197,73,187,184,49,111,76,180,168,189,80,100,96,72,115
2024-02-20,159,92,157,147,194,69,148,78,108,58,50,146,59,128,158,139,142,37,186,38,161,43,177,116,138,54,30
2024-02-21,139,126,104,146,135,191,190,53,47,107,112,72,56,160,145,168,79,48,113,49,188,98,195,89,173,182,162
2024-02-22,115,78,198,168,132,93,91,176,111,122,140,101,99,36,59,67,125,139,152,73,43,154,66,171,113,88,150
2024-02-23,139,126,186,141,174,106,66,146,77,191,85,75,87,36,187,193,74,41,178,70,82,44,123,113,101,172,133
2024-02-24,76,32,131,126,78,66,158,193,119,72,89,46,103,108,35,88,77,50,127,30,142,123,199,83,44,104,156
2024-02-25,68,89,170,130,171,100,189,167,137,43,75,60,145,173,81,120,128,39,190,147,85,79,76,115,98,33,113
2024-02-26,191,158,118,133,83,48,117,99,71,148,156,126,132,88,197,127,162,36,33,30,134,119,154,101,123,43,138
2024-02-27,181,45,130,146,150,174,151,176,155,142,160,120,112,98,197,145,119,53,100,35,97,139,187,69,43,92,76
2024-02-28,194,78,123,150,129,77,135,42,120,89,52,41,168,153,104,159,177,197,80,81,167,37,152,106,115,139,165
2024-02-29,182,108,61,81,157,120,147,107,96,150,77,191,189,163,136,46,69,40,75,42,144,165,31,32,155,181,186
