day,views,redViews,comments,likes,dislikes,videosAddedToPlaylists,videosRemovedFromPlaylists,shares,estimatedMinutesWatched,estimatedRedMinutesWatched,averageViewDuration,averageViewPercentage,annotationClickThroughRate,annotationCloseRate,annotationImpressions,annotationClickableImpressions,annotationClosableImpressions,annotationClicks,annotationCloses,cardClickRate,cardTeaserClickRate,cardImpressions,cardTeaserImpressions,cardClicks,cardTeaserClicks,subscribersGained,subscribersLost
2024-01-01,96,155,152,115,146,97,156,136,130,59,114,166,71,143,169,83,79,159,191,98,175,160,139,80,113,65,122
2024-01-02,125,114,65,190,163,37,155,32,64,68,30,134,79,119,129,43,186,193,54,135,169,97,195,58,161,109,59
2024-01-03,74,169,73,154,174,57,142,107,125,150,189,181,196,87,35,128,190,48,162,194,58,127,134,156,98,195,126
2024-01-04,167,180,191,111,185,68,78,162,50,195,35,71,37,113,77,175,152,95,44,170,186,99,197,190,157,126,118
2024-01-05,133,120,85,153,132,154,164,180,32,54,124,61,78,69,31,65,191,68,51,142,170,91,171,93,34,159,39
2024-01-06,196,188,65,78,99,163,60,87,173,76,43,115,36,49,97,93,165,106,176,61,114,121,145,104,67,147,42
2024-01-07,104,86,123,103,122,110,174,63,95,195,148,36,135,189,180,154,169,126,176,54,33,150,127,113,65,151,149
2024-01-08,129,111,58,174,182,57,85,161,123,38,87,176,116,171,56,63,147,173,74,64,35,143,124,81,68,106,41
2024-01-09,167,128,161,83,115,57,190,64,48,186,50,169,129,37,99,70,163,130,87,62,155,158,63,184,154,30,170
2024-01-10,109,191,195,165,30,116,99,52,107,95,84,184,132,103,68,35,192,81,128,159,111,82,144,69,76,113,119
2024-01-11,134,174,191,102,82,154,119,49,87,165,61,158,129,121,127,136,192,71,183,100,199,105,52,166,141,128,64
2024-01-12,150,176,114,131,156,179,85,124,171,73,59,170,189,54,43,44,48,75,52,69,84,83,112,177,129,47,76
2024-01-13,162,171,114,121,41,177,49,153,109,85,70,129,75,188,103,176,152,165,146,53,195,34,51,62,192,59,141
2024-01-14,87,165,118,141,183,34,192,117,125,74,38,53,152,65,48,169,99,180,88,36,138,177,148,195,104,131,73
2024-01-15,87,199,114,33,187,186,176,75,146,42,196,74,37,118,78,165,51,136,132,82,180,97,49,170,179,81,67
2024-01-16,110,48,166,84,44,131,55,31,175,71,198,46,66,182,155,42,98,119,111,173,125,195,139,165,99,121,56
2024-01-17,177,108,110,150,76,62,53,49,87,40,56,94,35,137,136,145,165,78,90,79,60,95,134,133,146,38,169
2024-01-18,46,115,99,134,106,182,129,67,54,147,151,78,188,37,71,172,32,58,77,195,95,141,87,138,193,166,181
2024-01-19,108,132,73,127,191,183,192,87,175,185,42,142,47,129,93,32,97,90,137,64,63,162,48,124,61,134,102
2024-01-20,112,58,158,111,146,156,172,92,59,162,152,150,93,139,50,97,129,116,71,70,109,164,192,151,183,31,80
2024-01-21,62,196,164,102,93,199,170,73,108,111,92,50,135,30,59,64,48,159,141,116,136,179,154,53,145,110,94
2024-01-22,93,196,119,86,147,175,126,140,58,84,166,112,74,172,137,50,68,71,188,45,115,173,185,144,49,131,143
2024-01-23,114,138,164,193,94,154,148,46,84,191,61,76,73,168,184,124,91,196,170,177,153,44,142,160,35,136,143
2024-01-24,155,48,106,47,132,149,75,66,52,37,101,163,162,62,63,38,82,78,100,80,190,126,170,50,74,81,118
2024-01-25,85,125,76,183,185,45,34,177,104,175,161,96,160,105,186,31,195,136,117,33,119,56,106,184,36,92,66
2024-01-26,166,62,199,92,76,50,152,60,82,196,30,63,35,131,67,120,107,183,75,46,123,135,190,146,93,160,132
2024-01-27,102,180,125,160,187,93,39,83,79,165,198,154,144,35,33,40,46,72,59,96,66,197,126,42,34,184,135
2024-01-28,180,62,86,90,121,117,38,109,97,165,81,118,153,83,113,176,125,142,69,60,116,72,166,57,56,174,187
2024-01-29,196,134,181,111,165,105,67,37,199,54,172,34,169,59,135,193,161,88,39,178,116,137,95,189,151,55,90
2024-01-30,123,164,126,129,147,169,107,188,190,48,89,99,69,170,171,87,131,59,163,34,65,180,182,192,116,95,133
2024-01-31,97,39,181,161,188,54,32,52,107,125,178,152,60,100,79,68,122,36,41,136,138,171,174,130,57,87,182
